-9.1572452208311e+10  3.0751326464332e+11 -3.1625384310311e+10  347112066.184
-6.7207885026382e+10  3.1374007119881e+11 -3.1627664464494e+10  347112306.184
-4.2430515265590e+10  3.1803961011888e+11 -3.1629944611461e+10  347112546.184
-1.7392547193244e+10  3.2038547356477e+11 -3.1632224751212e+10  347112786.184
 7.7522143896243e+09  3.2076325486934e+11 -3.1634504883747e+10  347113026.184
 3.2849308950061e+10  3.1917063701278e+11 -3.1636785009064e+10  347113266.184
 5.7744569051303e+10  3.1561740683342e+11 -3.1639065127163e+10  347113506.184
 8.2285067378696e+10  3.1012539488630e+11 -3.1641345238044e+10  347113746.184
 1.0632005614598e+11  3.0272834131933e+11 -3.1643625341706e+10  347113986.184
 1.2970189310709e+11  2.9347168859264e+11 -3.1645905438149e+10  347114226.184
 1.5228694851083e+11  2.8241230230389e+11 -3.1648185527372e+10  347114466.184
 1.7393648736650e+11  2.6961812185844e+11 -3.1650465609374e+10  347114706.184
 1.9451752166380e+11  2.5516774311106e+11 -3.1652745684155e+10  347114946.184
 2.1390362730644e+11  2.3914993553151e+11 -3.1655025751715e+10  347115186.184
 2.3197572068724e+11  2.2166309689791e+11 -3.1657305812053e+10  347115426.184
 2.4862279019065e+11  2.0281464883464e+11 -3.1659585865168e+10  347115666.184
 2.6374257810481e+11  1.8272037692140e+11 -3.1661865911061e+10  347115906.184
 2.7724220875854e+11  1.6150371942506e+11 -3.1664145949729e+10  347116146.184
 2.8903875902412e+11  1.3929500902480e+11 -3.1666425981174e+10  347116386.184
 2.9905976768518e+11  1.1623067218119e+11 -3.1668706005394e+10  347116626.184
 3.0724368053144e+11  9.2452391085823e+10 -3.1670986022389e+10  347116866.184
 3.1354022845912e+11  6.8106233315255e+10 -3.1673266032158e+10  347117106.184
 3.1791073624523e+11  4.3341754549193e+10 -3.1675546034701e+10  347117346.184
 3.2032836009917e+11  1.8311079885343e+10 -3.1677826030017e+10  347117586.184
 3.2077825254290e+11 -6.8320306735789e+09 -3.1680106018105e+10  347117826.184
 3.1925765359092e+11 -3.1933126728198e+10 -3.1682385998967e+10  347118066.184
 3.1577590768307e+11 -5.6838016252957e+10 -3.1684665972599e+10  347118306.184
 3.1035440626077e+11 -8.1393712773130e+10 -3.1686945939003e+10  347118546.184
 3.0302645634042e+11 -1.0544937513457e+11 -3.1689225898178e+10  347118786.184
 2.9383707589164e+11 -1.2885723409337e+11 -3.1691505850122e+10  347119026.184
 2.8284271727727e+11 -1.5147350003351e+11 -3.1693785794837e+10  347119266.184
 2.7011092045420e+11 -1.7315924623661e+11 -3.1696065732320e+10  347119506.184
 2.5571989806548e+11 -1.9378126227808e+11 -3.1698345662572e+10  347119746.184
 2.3975805497261e+11 -2.1321287230730e+11 -3.1700625585592e+10  347119986.184
 2.2232344517940e+11 -2.3133471318549e+11 -3.1702905501379e+10  347120226.184
 2.0352316948382e+11 -2.4803546770128e+11 -3.1705185409933e+10  347120466.184
 1.8347271755777e+11 -2.6321254836005e+11 -3.1707465311254e+10  347120706.184
 1.6229525849660e+11 -2.7677272754671e+11 -3.1709745205341e+10  347120946.184
 1.4012088419649e+11 -2.8863271019104e+11 -3.1712025092193e+10  347121186.184
 1.1708581020741e+11 -2.9871964541793e+11 -3.1714304971810e+10  347121426.184
 9.3331538971065e+10 -3.0697157403961e+11 -3.1716584844191e+10  347121666.184
 6.9003990583744e+10 -3.1333780914105e+11 -3.1718864709336e+10  347121906.184
 4.4252606423829e+10 -3.1777924742095e+11 -3.1721144567245e+10  347122146.184
 1.9229431150300e+10 -3.2026860937580e+11 -3.1723424417916e+10  347122386.184
-5.9118212886233e+09 -3.2079060685170e+11 -3.1725704261349e+10  347122626.184
-3.1016711903940e+10 -3.1934203693448e+11 -3.1727984097544e+10  347122866.184
-5.5931025343132e+10 -3.1593180160381e+11 -3.1730263926501e+10  347123106.184
-8.0501717238468e+10 -3.1058085302575e+11 -3.1732543748218e+10  347123346.184
-1.0457785431378e+11 -3.0332206482526e+11 -3.1734823562695e+10  347123586.184
-1.2801154154472e+11 -2.9420003012658e+11 -3.1737103369932e+10  347123826.184
-1.5065883064910e+11 -2.8327078760294e+11 -3.1739383169927e+10  347124066.184
-1.7238060433142e+11 -2.7060147721862e+11 -3.1741662962682e+10  347124306.184
-1.9304343084960e+11 -2.5626992777813e+11 -3.1743942748194e+10  347124546.184
-2.1252038365486e+11 -2.4036417881627e+11 -3.1746222526464e+10  347124786.184
-2.3069182106955e+11 -2.2298193976619e+11 -3.1748502297491e+10  347125026.184
-2.4744612121083e+11 -2.0422998973130e+11 -3.1750782061275e+10  347125266.184
-2.6268036766373e+11 -1.8422352152711e+11 -3.1753061817814e+10  347125506.184
-2.7630098164582e+11 -1.6308543407502e+11 -3.1755341567109e+10  347125746.184
-2.8822429684245e+11 -1.4094557742564e+11 -3.1757621309158e+10  347125986.184
-2.9837707333426e+11 -1.1793995510070e+11 -3.1759901043963e+10  347126226.184
-3.0669694747922e+11 -9.4209888633375e+10 -3.1762180771520e+10  347126466.184
-3.1313281498262e+11 -6.9901149442381e+10 -3.1764460491832e+10  347126706.184
-3.1764514480191e+11 -4.5163063372737e+10 -3.1766740204896e+10  347126946.184
-3.2020622195830e+11 -2.0147593403922e+10 -3.1769019910712e+10  347127186.184
-3.2080031776367e+11  4.9915938397942e+09 -3.1771299609280e+10  347127426.184
-3.1942378641726e+11  3.0100072042511e+10 -3.1773579300599e+10  347127666.184
-3.1608508737888e+11  5.5023603814771e+10 -3.1775858984669e+10  347127906.184
-3.1080473338027e+11  7.9609088153867e+10 -3.1778138661489e+10  347128146.184
-3.0361516440052e+11  1.0370550089904e+11 -3.1780418331059e+10  347128386.184
-2.9456054836443e+11  1.2716482247280e+11 -3.1782697993378e+10  347128626.184
-2.8369650980774e+11  1.4984294711806e+11 -3.1784977648446e+10  347128866.184
-2.7108978816230e+11  1.7160056811466e+11 -3.1787257296261e+10  347129106.184
-2.5681782776565e+11  1.9230403350980e+11 -3.1789536936824e+10  347129346.184
-2.4096830211274e+11  2.1182616711061e+11 -3.1791816570135e+10  347129586.184
-2.2363857527248e+11  2.3004704969559e+11 -3.1794096196191e+10  347129826.184
-2.0493510377757e+11  2.4685475564614e+11 -3.1796375814994e+10  347130066.184
-1.8497278266188e+11  2.6214604047337e+11 -3.1798655426542e+10  347130306.184
-1.6387423966262e+11  2.7582697501669e+11 -3.1800935030835e+10  347130546.184
-1.4176908192309e+11  2.8781352241873e+11 -3.1803214627873e+10  347130786.184
-1.1879309982332e+11  2.9803205433225e+11 -3.1805494217654e+10  347131026.184
-9.5087432829663e+10  3.0641980318830e+11 -3.1807773800179e+10  347131266.184
-7.0797702487219e+10  3.1292524774743e+11 -3.1810053375446e+10  347131506.184
-4.6073117881222e+10  3.1750842956581e+11 -3.1812332943456e+10  347131746.184
-2.1065559062365e+10  3.2014119843225e+11 -3.1814612504207e+10  347131986.184
 4.0713559334998e+09  3.2080738526867e+11 -3.1816892057700e+10  347132226.184
 2.9183214740098e+10  3.1950290143209e+11 -3.1819171603934e+10  347132466.184
 5.4115759193178e+10  3.1623576380807e+11 -3.1821451142908e+10  347132706.184
 7.8715832913951e+10  3.1102604554193e+11 -3.1823730674621e+10  347132946.184
 1.0283232212269e+11  3.0390575271014e+11 -3.1826010199074e+10  347133186.184
 1.2631708390320e+11  2.9491862768998e+11 -3.1828289716265e+10  347133426.184
 1.4902585622020e+11  2.8411988043304e+11 -3.1830569226194e+10  347133666.184
 1.7081914407448e+11  2.7157584930628e+11 -3.1832848728861e+10  347133906.184
 1.9156307641529e+11  2.5736359355318e+11 -3.1835128224265e+10  347134146.184
 2.1113022846181e+11  2.4157041991873e+11 -3.1837407712406e+10  347134386.184
 2.2940040444593e+11  2.2429334631695e+11 -3.1839687193282e+10  347134626.184
 2.4626137594264e+11  2.0563850584710e+11 -3.1841966666894e+10  347134866.184
 2.6160957125691e+11  1.8572049481778e+11 -3.1844246133241e+10  347135106.184
 2.7535071163235e+11  1.6466166878408e+11 -3.1846525592322e+10  347135346.184
 2.8740039037296e+11  1.4259139092348e+11 -3.1848805044138e+10  347135586.184
 2.9768459132457e+11  1.1964523736027e+11 -3.1851084488686e+10  347135826.184
