-9.1572452208311e+10  3.0751326464332e+11 -3.1625384310311e+10  347112066.184
-6.4427972429905e+10  3.1432267976808e+11 -3.1627921931451e+10  347112333.284
-3.6793412944713e+10  3.1874087299513e+11 -3.1630459543652e+10  347112600.384
-8.8790045173674e+09  3.2073423785311e+11 -3.1632997146917e+10  347112867.484
 1.9102893569799e+10  3.2028761481071e+11 -3.1635534741242e+10  347113134.584
 4.6939409071494e+10  3.1740440656070e+11 -3.1638072326628e+10  347113401.684
 7.4418776148944e+10  3.1210655209673e+11 -3.1640609903074e+10  347113668.784
 1.0133194640792e+11  3.0443435977612e+11 -3.1643147470578e+10  347113935.884
 1.2747417923180e+11  2.9444620063266e+11 -3.1645685029141e+10  347114202.984
 1.5264659931798e+11  2.8221806428723e+11 -3.1648222578762e+10  347114470.084
 1.7665770963752e+11  2.6784298080659e+11 -3.1650760119439e+10  347114737.184
 1.9932484817941e+11  2.5143031297195e+11 -3.1653297651173e+10  347115004.284
 2.2047557758274e+11  2.3310492424331e+11 -3.1655835173962e+10  347115271.384
 2.3994899691783e+11  2.1300622883352e+11 -3.1658372687806e+10  347115538.484
 2.5759696571106e+11  1.9128713108793e+11 -3.1660910192703e+10  347115805.584
 2.7328523088891e+11  1.6811286224993e+11 -3.1663447688654e+10  347116072.684
 2.8689444809586e+11  1.4365972341937e+11 -3.1665985175658e+10  347116339.784
 2.9832108956751e+11  1.1811374432523e+11 -3.1668522653713e+10  347116606.884
 3.0747823167670e+11  9.1669268106470e+10 -3.1671060122820e+10  347116873.984
 3.1429621618463e+11  6.4527472800303e+10 -3.1673597582976e+10  347117141.084
 3.1872318012176e+11  3.6894840880824e+10 -3.1676135034183e+10  347117408.184
 3.2072545029834e+11  8.9815884388488e+09 -3.1678672476438e+10  347117675.284
 3.2028779943837e+11 -1.8999934029142e+10 -3.1681209909741e+10  347117942.384
 3.1741356198310e+11 -4.6836857136675e+10 -3.1683747334093e+10  347118209.484
 3.1212460868395e+11 -7.4317411950396e+10 -3.1686284749490e+10  347118476.584
 3.0446118018256e+11 -1.0123254105109e+11 -3.1688822155934e+10  347118743.684
 2.9448158084600e+11 -1.2737748891301e+11 -3.1691359553423e+10  347119010.784
 2.8226173518114e+11 -1.5255335957696e+11 -3.1693896941957e+10  347119277.884
 2.6789461018683e+11 -1.7656862976676e+11 -3.1696434321534e+10  347119544.984
 2.5148950810021e+11 -1.9924060583218e+11 -3.1698971692154e+10  347119812.084
 2.3317123482346e+11 -2.2039681361714e+11 -3.1701509053818e+10  347120079.184
 2.1307915043576e+11 -2.3987631052045e+11 -3.1704046406523e+10  347120346.284
 1.9136610901133e+11 -2.5753090981796e+11 -3.1706583750268e+10  347120613.384
 1.6819729570022e+11 -2.7322630801634e+11 -3.1709121085054e+10  347120880.484
 1.4374897010167e+11 -2.8684310649541e+11 -3.1711658410879e+10  347121147.584
 1.1820712534336e+11 -2.9827771981199e+11 -3.1714195727743e+10  347121414.684
 9.1766073094306e+10 -3.0744316370478e+11 -3.1716733035645e+10  347121681.784
 6.4626965356732e+10 -3.1426971677739e+11 -3.1719270334585e+10  347121948.884
 3.6996264154286e+10 -3.1870545087998e+11 -3.1721807624561e+10  347122215.984
 9.0841708984730e+09 -3.2071662610680e+11 -3.1724344905573e+10  347122483.084
-1.8896972757003e+10 -3.2028794744097e+11 -3.1726882177620e+10  347122750.184
-4.6734300285540e+10 -3.1742268107062e+11 -3.1729419440702e+10  347123017.284
-7.4216039701724e+10 -3.1214262949967e+11 -3.1731956694818e+10  347123284.384
-1.0113312454887e+11 -3.0448796565796e+11 -3.1734493939966e+10  347123551.484
-1.2728078443883e+11 -2.9451692723605e+11 -3.1737031176146e+10  347123818.584
-1.5246010279534e+11 -2.8230537360948e+11 -3.1739568403359e+10  347124085.684
-1.7647953008733e+11 -2.6794620871241e+11 -3.1742105621602e+10  347124352.784
-1.9915634107401e+11 -2.5154867420857e+11 -3.1744642830875e+10  347124619.884
-2.2031802479712e+11 -2.3323751844692e+11 -3.1747180031178e+10  347124886.984
-2.3980359700186e+11 -2.1315204736358e+11 -3.1749717222509e+10  347125154.084
-2.5746482476788e+11 -1.9144506470244e+11 -3.1752254404868e+10  347125421.184
-2.7316735416042e+11 -1.6828170954345e+11 -3.1754791578254e+10  347125688.284
-2.8679173231616e+11 -1.4383819996089e+11 -3.1757328742667e+10  347125955.384
-2.9823431613910e+11 -1.1830049243256e+11 -3.1759865898106e+10  347126222.484
-3.0740806072944e+11 -9.1862867166145e+10 -3.1762403044569e+10  347126489.584
-3.1424318154867e+11 -6.4726450088797e+10 -3.1764940182058e+10  347126756.684
-3.1868768527066e+11 -3.7097682759180e+10 -3.1767477310569e+10  347127023.784
-3.2070776527964e+11 -9.1867518622676e+09 -3.1770014430103e+10  347127290.884
-3.2028805881695e+11  1.8794009782664e+10 -3.1772551540660e+10  347127557.984
-3.1743176381848e+11  4.6631738551745e+10 -3.1775088642238e+10  347127825.084
-3.1216061454266e+11  7.4114659408789e+10 -3.1777625734837e+10  347128092.184
-3.0451471619620e+11  1.0103369692026e+11 -3.1780162818455e+10  347128359.284
-2.9455223978952e+11  1.2718406584054e+11 -3.1782699893094e+10  347128626.384
-2.8234897956288e+11  1.5236682899078e+11 -3.1785236958750e+10  347128893.484
-2.6799777636479e+11  1.7639041062773e+11 -3.1787774015424e+10  347129160.584
-2.5160781129635e+11  1.9907205390605e+11 -3.1790311063116e+10  347129427.684
-2.3330377511292e+11  2.2023921112377e+11 -3.1792848101824e+10  347129694.784
-2.1322491959166e+11  2.3973085638477e+11 -3.1795385131547e+10  347129961.884
-1.9152399815657e+11  2.5739871056453e+11 -3.1797922152286e+10  347130228.984
-1.6836610377860e+11  2.7310836932200e+11 -3.1800459164038e+10  347130496.084
-1.4392741297801e+11  2.8674032556783e+11 -3.1802996166804e+10  347130763.184
-1.1839384558605e+11  2.9819087855173e+11 -3.1805533160583e+10  347131030.284
-9.1959650314985e+10  3.0737292275296e+11 -3.1808070145374e+10  347131297.384
 2.5915697521652e+11  1.6076203548778e+11 -1.1141636705221e+11  356656767.496
 2.7217906536799e+11  1.3756837011717e+11 -1.1141816348849e+11  356657034.596
 2.8313059760926e+11  1.1332826217484e+11 -1.1141995989394e+11  356657301.696
 2.9192826748115e+11  8.8226113988967e+10 -1.1142175626858e+11  356657568.796
 2.9850515561390e+11  6.2452885082879e+10 -1.1142355261238e+11  356657835.896
 3.0281123676143e+11  3.6204639461157e+10 -1.1142534892537e+11  356658102.996
 3.0481376029980e+11  9.6810541141554e+09 -1.1142714520752e+11  356658370.096
 3.0449749932120e+11 -1.6916099979024e+10 -1.1142894145885e+11  356658637.196
 3.0186486641461e+11 -4.3384492799630e+10 -1.1143073767936e+11  356658904.296
 2.9693589526119e+11 -6.9522774406550e+10 -1.1143253386903e+11  356659171.396
 2.8974808819107e+11 -9.5132106647813e+10 -1.1143433002788e+11  356659438.496
 2.8035613082254e+11 -1.2001767582678e+11 -1.1143612615590e+11  356659705.596
 2.6883147603886e+11 -1.4399017456602e+11 -1.1143792225309e+11  356659972.696
 2.5526180036012e+11 -1.6686724197089e+11 -1.1143971831945e+11  356660239.796
 2.3975033693781e+11 -1.8847485082810e+11 -1.1144151435499e+11  356660506.896
 2.2241509017196e+11 -2.0864863147358e+11 -1.1144331035969e+11  356660773.996
 2.0338793801644e+11 -2.2723512211383e+11 -1.1144510633356e+11  356661041.096
 1.8281362870397e+11 -2.4409293623240e+11 -1.1144690227660e+11  356661308.196
 1.6084867955346e+11 -2.5909383812686e+11 -1.1144869818881e+11  356661575.296
 1.3766018634153e+11 -2.7212371833759e+11 -1.1145049407019e+11  356661842.396
 1.1342455206504e+11 -2.8308346171315e+11 -1.1145228992074e+11  356662109.496
 8.8326145028372e+10 -2.9188970132126e+11 -1.1145408574045e+11  356662376.596
 6.2555896309826e+10 -2.9847545259422e+11 -1.1145588152934e+11  356662643.696
 3.6309847223925e+10 -3.0279062286607e+11 -1.1145767728738e+11  356662910.796
 9.7876580624605e+09 -3.0480239236665e+11 -1.1145947301460e+11  356663177.896
-1.6808910845088e+10 -3.0449546385103e+11 -1.1146126871098e+11  356663444.996
-4.3277533911273e+10 -3.0187217891056e+11 -1.1146306437652e+11  356663712.096
-6.9416859432171e+10 -2.9695250011637e+11 -1.1146486001123e+11  356663979.196
-9.5028041359184e+10 -2.8977385909792e+11 -1.1146665561511e+11  356664246.296
-1.1991625187490e+11 -2.8039087175718e+11 -1.1146845118815e+11  356664513.396
-1.4389216354753e+11 -2.6887492272548e+11 -1.1147024673035e+11  356664780.496
-1.6677338950762e+11 -2.5531362229785e+11 -1.1147204224171e+11  356665047.596
-1.8838587090738e+11 -2.3981013991073e+11 -1.1147383772224e+11  356665314.696
-2.0856520101980e+11 -2.2248241924490e+11 -1.1147563317193e+11  356665581.796
-2.2715787582279e+11 -2.0346228101118e+11 -1.1147742859078e+11  356665848.896
-2.4402246177399e+11 -1.8289442006413e+11 -1.1147922397879e+11  356666115.996
-2.5903067164366e+11 -1.6093530467875e+11 -1.1148101933597e+11  356666383.096
-2.7206834038114e+11 -1.3775198624696e+11 -1.1148281466230e+11  356666650.196
-2.8303629358672e+11 -1.1352082839319e+11 -1.1148460995780e+11  356666917.296
-2.9185110186555e+11 -8.8426165387018e+10 -1.1148640522245e+11  356667184.396
-2.9844571547749e+11 -6.2658899784916e+10 -1.1148820045626e+11  356667451.496
-3.0276997432743e+11 -3.6415050239838e+10 -1.1148999565924e+11  356667718.596
-3.0479098950886e+11 -9.8942602873645e+09 -1.1149179083137e+11  356667985.696
-3.0449339343921e+11  1.6701720380356e+10 -1.1149358597265e+11  356668252.796
-3.0187945671634e+11  4.3170570634928e+10 -1.1149538108310e+11  356668519.896
-2.9696907078971e+11  6.9310937089653e+10 -1.1149717616270e+11  356668786.996
-2.8979959660058e+11  9.4923965735111e+10 -1.1149897121146e+11  356669054.096
-2.8042558030663e+11  1.1981481473659e+11 -1.1150076622937e+11  356669321.196
-2.6891833830128e+11  1.4379413656695e+11 -1.1150256121644e+11  356669588.296
-2.5536541463647e+11  1.6667951842841e+11 -1.1150435617267e+11  356669855.396
-2.3986991501109e+11  1.8829686987288e+11 -1.1150615109805e+11  356670122.496
-2.2254972240328e+11  2.0848174709094e+11 -1.1150794599258e+11  356670389.596
-2.0353660022560e+11  2.2708060389679e+11 -1.1150974085627e+11  356670656.696
-1.8297518996467e+11  2.4395195970872e+11 -1.1151153568911e+11  356670923.796
-1.6102191084297e+11  2.5896747578174e+11 -1.1151333049111e+11  356671190.896
-1.3784376981551e+11  2.7201293150958e+11 -1.1151512526225e+11  356671457.996
-1.1361709115284e+11  2.8298909323435e+11 -1.1151692000255e+11  356671725.096
-8.8526175015616e+10  2.9181246913066e+11 -1.1151871471200e+11  356671992.196
-6.2761895474964e+10  2.9841594427235e+11 -1.1152050939061e+11  356672259.296
-3.6520248475086e+10  3.0274929115124e+11 -1.1152230403836e+11  356672526.396
-1.0000860763554e+10  3.0477955172893e+11 -1.1152409865526e+11  356672793.496
 1.6594528596972e+10  3.0449128808676e+11 -1.1152589324132e+11  356673060.596
 4.3063603026701e+10  3.0188669982559e+11 -1.1152768779652e+11  356673327.696
 6.9205007386804e+10  2.9698560728107e+11 -1.1152948232087e+11  356673594.796
 9.4819879800223e+10  2.8982530069272e+11 -1.1153127681437e+11  356673861.896
 1.1971336441137e+11  2.8046025647292e+11 -1.1153307127702e+11  356674128.996
 1.4369609362673e+11  2.6896172276683e+11 -1.1153486570882e+11  356674396.096
 1.6658562874317e+11  2.5541717737148e+11 -1.1153666010976e+11  356674663.196
 1.8820784771316e+11  2.3992966225000e+11 -1.1153845447985e+11  356674930.296
 2.0839826969921e+11  2.2261699963791e+11 -1.1154024881909e+11  356675197.396
 2.2700330633833e+11  2.0361089565942e+11 -1.1154204312747e+11  356675464.496
 2.4388143002308e+11  1.8305593842638e+11 -1.1154383740500e+11  356675731.596
 2.5890425054817e+11  1.6110849803785e+11 -1.1154563165167e+11  356675998.696
 2.2911589807771e+11 -1.9157318026357e+11 -1.5345471156047e+11  366201468.808
 2.1155173360480e+11 -2.1080880644566e+11 -1.5345522305036e+11  366201735.908
 1.9237825539242e+11 -2.2844081607812e+11 -1.5345573450186e+11  366202003.008
 1.7174131569681e+11 -2.4433507899412e+11 -1.5345624591499e+11  366202270.108
 1.4979789964932e+11 -2.5837068402800e+11 -1.5345675728972e+11  366202537.208
 1.2671493104210e+11 -2.7044085883902e+11 -1.5345726862608e+11  366202804.308
 1.0266800256702e+11 -2.8045378213829e+11 -1.5345777992405e+11  366203071.408
 7.7840040022604e+10 -2.8833328222437e+11 -1.5345829118363e+11  366203338.508
 5.2419910854550e+10 -2.9401941641882e+11 -1.5345880240484e+11  366203605.608
 2.6600987405649e+10 -2.9746892709090e+11 -1.5345931358765e+11  366203872.708
 5.7967589506380e+08 -2.9865557074290e+11 -1.5345982473209e+11  366204139.808
-2.5446077604902e+10 -2.9757031766092e+11 -1.5346033583814e+11  366204406.908
-5.1278292989373e+10 -2.9422142063217e+11 -1.5346084690580e+11  366204674.008
-7.6720462176599e+10 -2.8863435218385e+11 -1.5346135793509e+11  366204941.108
-1.0157904394619e+11 -2.8085161083508e+11 -1.5346186892598e+11  366205208.208
-1.2566493625586e+11 -2.7093239781915e+11 -1.5346237987850e+11  366205475.308
-1.4879491470542e+11 -2.5895216677721e+11 -1.5346289079263e+11  366205742.408
-1.7079302641242e+11 -2.4500204977166e+11 -1.5346340166837e+11  366206009.508
-1.9149192847628e+11 -2.2918816406727e+11 -1.5346391250574e+11  366206276.608
-2.1073416097216e+11 -2.1163080491780e+11 -1.5346442330472e+11  366206543.708
-2.2837334481016e+11 -1.9246353045644e+11 -1.5346493406531e+11  366206810.808
-2.4427529522502e+11 -1.7183214576163e+11 -1.5346544478752e+11  366207077.908
-2.5831904257007e+11 -1.4989359370175e+11 -1.5346595547135e+11  366207345.008
-2.7039775256237e+11 -1.2681476106204e+11 -1.5346646611679e+11  366207612.108
-2.8041953898070e+11 -1.0277120906537e+11 -1.5346697672385e+11  366207879.208
-2.8830816269275e+11 -7.7945837827168e+10 -1.5346748729252e+11  366208146.308
-2.9400361160960e+11 -5.2527495079688e+10 -1.5346799782281e+11  366208413.408
-2.9746255723661e+11 -2.6709539571345e+10 -1.5346850831472e+11  366208680.508
-2.9865868429602e+11 -6.8837017101425e+08 -1.5346901876824e+11  366208947.608
-2.9758289092835e+11  2.5338068133821e+10 -1.5346952918338e+11  366209214.708
-2.9424335795105e+11  5.1171790049425e+10 -1.5347003956014e+11  366209481.808
-2.8866548665419e+11  7.6616276006202e+10 -1.5347054989851e+11  366209748.908
-2.8089170558514e+11  1.0147796717049e+11 -1.5347106019850e+11  366210016.008
-2.7098114781418e+11  1.2556773783168e+11 -1.5347157046010e+11  366210283.108
-2.5900920113343e+11  1.4870233409191e+11 -1.5347208068332e+11  366210550.208
-2.4506693457521e+11  1.7070576794420e+11 -1.5347259086816e+11  366210817.308
-2.2926040568680e+11  1.9141065598661e+11 -1.5347310101461e+11  366211084.408
-2.1170985374825e+11  2.1065949276077e+11 -1.5347361112268e+11  366211351.508
-1.9254878511475e+11  2.2830584892340e+11 -1.5347412119236e+11  366211618.608
-1.7192295764005e+11  2.4421548515525e+11 -1.5347463122366e+11  366211885.708
-1.4998927192873e+11  2.5826737332687e+11 -1.5347514121658e+11  366212152.808
-1.2691457773395e+11  2.7035461722907e+11 -1.5347565117112e+11  366212419.908
-1.0287440479022e+11  2.8038526571694e+11 -1.5347616108727e+11  366212687.008
-7.8051627530966e+10  2.8828301222851e+11 -1.5347667096503e+11  366212954.108
-5.2635073925969e+10  2.9398777528038e+11 -1.5347718080441e+11  366213221.208
-2.6818089130804e+10  2.9745615551309e+11 -1.5347769060541e+11  366213488.308
-7.9706462761530e+08  2.9866176587410e+11 -1.5347820036803e+11  366213755.408
 2.5230055718237e+10  2.9759543235634e+11 -1.5347871009226e+11  366214022.508
 5.1065281384679e+10  2.9426526381122e+11 -1.5347921977811e+11  366214289.608
 7.6512081391598e+10  2.8869659028439e+11 -1.5347972942557e+11  366214556.708
 1.0137687929543e+11  2.8093177034824e+11 -1.5348023903465e+11  366214823.808
 1.2547052573347e+11  2.7102986890535e+11 -1.5348074860535e+11  366215090.908
 1.4860973734914e+11  2.5906620788083e+11 -1.5348125813766e+11  366215358.008
 1.7061849099882e+11  2.4513179328295e+11 -1.5348176763159e+11  366215625.108
 1.9132936281286e+11  2.2933262292266e+11 -1.5348227708714e+11  366215892.208
 2.1058480181933e+11  2.1178888009017e+11 -1.5348278650430e+11  366216159.308
 2.2823832843073e+11  1.9263401935406e+11 -1.5348329588308e+11  366216426.408
 2.4415564879146e+11  1.7201375132480e+11 -1.5348380522347e+11  366216693.508
 2.5821567631095e+11  1.5008493431118e+11 -1.5348431452549e+11  366216960.608
 2.7031145284628e+11  1.2701438104557e+11 -1.5348482378911e+11  366217227.708
 2.8035096234559e+11  1.0297758974914e+11 -1.5348533301436e+11  366217494.808
 2.8825783083544e+11  7.8157409124889e+10 -1.5348584220122e+11  366217761.908
 2.9397190743260e+11  5.2742647392549e+10 -1.5348635134970e+11  366218029.008
 2.9744972192244e+11  2.6926636074893e+10 -1.5348686045979e+11  366218296.108
 2.9866481547846e+11  9.0575924689674e+08 -1.5348736953150e+11  366218563.208
 2.9760794194794e+11 -2.5122040337195e+10 -1.5348787856483e+11  366218830.308
 2.9428713821383e+11 -5.0958766995937e+10 -1.5348838755977e+11  366219097.408
 2.8872766307442e+11 -7.6407878337884e+10 -1.5348889651633e+11  366219364.508
 2.8097180512537e+11 -1.0127578032198e+11 -1.5348940543451e+11  366219631.608
 2.7107856108627e+11 -1.2537329997808e+11 -1.5348991431430e+11  366219898.708
 2.5912318702453e+11 -1.4851712447073e+11 -1.5349042315571e+11  366220165.808
 2.4519662590301e+11 -1.7053119556678e+11 -1.5349093195873e+11  366220432.908
 2.2940481577264e+11 -1.9124804895964e+11 -1.5349144072338e+11  366220700.008
-1.2553680542961e+11 -2.9309061510473e+11 -1.4796727523046e+11  375746170.120
-1.5059898268765e+11 -2.8103753883800e+11 -1.4796649384184e+11  375746437.220
-1.7451561651286e+11 -2.6684640725917e+11 -1.4796571242096e+11  375746704.320
-1.9710475518277e+11 -2.5062516756750e+11 -1.4796493096782e+11  375746971.420
-2.1819454485111e+11 -2.3249721159534e+11 -1.4796414948242e+11  375747238.520
-2.3762453704307e+11 -2.1260043714569e+11 -1.4796336796475e+11  375747505.620
-2.5524690927975e+11 -1.9108619905236e+11 -1.4796258641483e+11  375747772.720
-2.7092758971699e+11 -1.6811815782224e+11 -1.4796180483264e+11  375748039.820
-2.8454727719877e+11 -1.4387103461438e+11 -1.4796102321820e+11  375748306.920
-2.9600234888342e+11 -1.1852928215918e+11 -1.4796024157149e+11  375748574.020
-3.0520564865697e+11 -9.2285681563126e+10 -1.4795945989253e+11  375748841.120
-3.1208715025438e+11 -6.5339875791075e+10 -1.4795867818130e+11  375749108.220
-3.1659449008144e+11 -3.7896850918681e+10 -1.4795789643782e+11  375749375.320
-3.1869336566958e+11 -1.0165376699870e+10 -1.4795711466208e+11  375749642.420
-3.1836779672122e+11  1.7643581566390e+10 -1.4795633285408e+11  375749909.520
-3.1562024678647e+11  4.5318467990464e+10 -1.4795555101382e+11  375750176.620
-3.1047160461743e+11  7.2648745483754e+10 -1.4795476914130e+11  375750443.720
-3.0296102536736e+11  9.9426497386509e+10 -1.4795398723653e+11  375750710.820
-2.9314563280232e+11  1.2544800927801e+11 -1.4795320529949e+11  375750977.920
-2.8110008484430e+11  1.5051531869112e+11 -1.4795242333021e+11  375751245.020
-2.6691600569921e+11  1.7443772117178e+11 -1.4795164132866e+11  375751512.120
-2.5070128892444e+11  1.9703322108745e+11 -1.4795085929486e+11  375751779.220
-2.3257927672992e+11  2.1812991619511e+11 -1.4795007722880e+11  375752046.320
-2.1268782170334e+11  2.3756730548246e+11 -1.4794929513049e+11  375752313.420
-1.9117823820279e+11  2.5519751020136e+11 -1.4794851299992e+11  375752580.520
-1.6821415133025e+11  2.7088639891348e+11 -1.4794773083710e+11  375752847.620
-1.4397025215894e+11  2.8451460801637e+11 -1.4794694864202e+11  375753114.720
-1.1863096889769e+11  2.9597844983335e+11 -1.4794616641469e+11  375753381.820
-9.2389063874878e+10  3.0519070152643e+11 -1.4794538415510e+11  375753648.920
-6.5444167163392e+10  3.1208126872540e+11 -1.4794460186326e+11  375753916.020
-3.8001257898482e+10  3.1659771887171e+11 -1.4794381953917e+11  375754183.120
-1.0269104984509e+10  3.1870568018112e+11 -1.4794303718282e+11  375754450.220
 1.7541321117816e+10  3.1838910323560e+11 -1.4794225479422e+11  375754717.320
 4.5218453367489e+10  3.1565038317447e+11 -1.4794147237336e+11  375754984.420
 7.2551737550662e+10  3.1051034157901e+11 -1.4794068992026e+11  375755251.520
 9.9333234171510e+10  3.0300806816441e+11 -1.4793990743490e+11  375755518.620
 1.2535920029482e+11  2.9320062351280e+11 -1.4793912491729e+11  375755785.720
 1.5043163957249e+11  2.8116260507775e+11 -1.4793834236743e+11  375756052.820
 1.7435980851646e+11  2.6698557978472e+11 -1.4793755978531e+11  375756319.920
 1.9696166760696e+11  2.5077738753972e+11 -1.4793677717095e+11  375756587.020
 2.1806526624942e+11  2.3266132089539e+11 -1.4793599452433e+11  375756854.120
 2.3751005089088e+11  2.1277518722132e+11 -1.4793521184547e+11  375757121.220
 2.5514808651777e+11  1.9127026039661e+11 -1.4793442913435e+11  375757388.320
 2.7084518212574e+11  1.6831013008232e+11 -1.4793364639099e+11  375757655.420
 2.8448191165653e+11  1.4406945728037e+11 -1.4793286361537e+11  375757922.520
 2.9595452262498e+11  1.1873264563283e+11 -1.4793208080751e+11  375758189.620
 3.0517572547173e+11  9.2492438679434e+10 -1.4793129796740e+11  375758456.720
 3.1207535773101e+11  6.5548453563860e+10 -1.4793051509504e+11  375758723.820
 3.1660091787491e+11  3.8105662497522e+10 -1.4792973219043e+11  375758990.920
 3.1871796481118e+11  1.0372833502314e+10 -1.4792894925357e+11  375759258.020
 3.1841038000201e+11 -1.7439057842409e+10 -1.4792816628446e+11  375759525.120
 3.1568049017667e+11 -4.5118433317880e+10 -1.4792738328311e+11  375759792.220
 3.1054904973419e+11 -7.2454721673546e+10 -1.4792660024951e+11  375760059.320
 3.0305508295691e+11 -9.9239960532580e+10 -1.4792581718367e+11  375760326.420
 2.9325558723543e+11 -1.2527037848282e+11 -1.4792503408557e+11  375760593.520
 2.8122509954612e+11 -1.5034794531812e+11 -1.4792425095523e+11  375760860.620
 2.6705512952971e+11 -1.7428187852620e+11 -1.4792346779265e+11  375761127.720
 2.5085346340329e+11 -1.9689009475476e+11 -1.4792268459782e+11  375761394.820
 2.3274334408376e+11 -2.1800059502319e+11 -1.4792190137074e+11  375761661.920
 2.1286253370084e+11 -2.3745277326781e+11 -1.4792111811142e+11  375761929.020
 1.9136226562762e+11 -2.5509863823414e+11 -1.4792033481985e+11  375762196.120
 1.6840609408763e+11 -2.7080393934855e+11 -1.4791955149604e+11  375762463.220
 1.4416864995926e+11 -2.8444918812952e+11 -1.4791876813999e+11  375762730.320
 1.1883431234438e+11 -2.9593056726688e+11 -1.4791798475169e+11  375762997.420
 9.2595805947029e+10 -3.0516072050231e+11 -1.4791720133115e+11  375763264.520
 6.5652734971080e+10 -3.1206941727614e+11 -1.4791641787836e+11  375763531.620
 3.8210064707877e+10 -3.1660408709241e+11 -1.4791563439333e+11  375763798.720
 1.0476562222087e+10 -3.1873021956119e+11 -1.4791485087606e+11  375764065.820
-1.7336791766742e+10 -3.1843162701943e+11 -1.4791406732655e+11  375764332.920
-4.5018407890983e+10 -3.1571056778641e+11 -1.4791328374479e+11  375764600.020
-7.2357697873881e+10 -3.1058772907838e+11 -1.4791250013080e+11  375764867.120
-9.9146676477479e+10 -3.0310206974274e+11 -1.4791171648456e+11  375765134.220
-1.2518154386238e+11 -2.9331052396198e+11 -1.4791093280608e+11  375765401.320
-3.4459540049919e+11  7.4770847068091e+10 -1.0197107151719e+11  385290871.432
-3.3676984675614e+11  1.0451497387425e+11 -1.0196935494547e+11  385291138.532
-3.2638211047386e+11  1.3346410468147e+11 -1.0196763835422e+11  385291405.632
-3.1351120826699e+11  1.6139799066456e+11 -1.0196592174346e+11  385291672.732
-2.9825504908548e+11  1.8810410578850e+11 -1.0196420511316e+11  385291939.832
-2.8072968937463e+11  2.1337926384510e+11 -1.0196248846335e+11  385292206.932
-2.6106845025380e+11  2.3703116425819e+11 -1.0196077179402e+11  385292474.032
-2.3942090328540e+11  2.5887985519479e+11 -1.0195905510516e+11  385292741.132
-2.1595173259442e+11  2.7875910272023e+11 -1.0195733839678e+11  385293008.232
-1.9083948208276e+11  2.9651765552600e+11 -1.0195562166889e+11  385293275.332
-1.6427519707320e+11  3.1202039578085e+11 -1.0195390492147e+11  385293542.432
-1.3646097098225e+11  3.2514936713420e+11 -1.0195218815453e+11  385293809.532
-1.0760840778348e+11  3.3580467226066e+11 -1.0195047136807e+11  385294076.632
-7.7937012184693e+10  3.4390523295553e+11 -1.0194875456210e+11  385294343.732
-4.7672519743658e+10  3.4938940705828e+11 -1.0194703773661e+11  385294610.832
-1.7045179402014e+10  3.5221545755299e+11 -1.0194532089159e+11  385294877.932
 1.3711998133987e+10  3.5236187018495e+11 -1.0194360402706e+11  385295145.032
 4.4365013157798e+10  3.4982751725615e+11 -1.0194188714302e+11  385295412.132
 7.4680657261247e+10  3.4463166630222e+11 -1.0194017023945e+11  385295679.232
 1.0442828750003e+11  3.3681383362064e+11 -1.0193845331637e+11  385295946.332
 1.3338158123241e+11  3.2643348372012e+11 -1.0193673637378e+11  385296213.432
 1.6132025791379e+11  3.1356957704108e+11 -1.0193501941166e+11  385296480.532
 1.8803175511141e+11  2.9831996929183e+11 -1.0193330243004e+11  385296747.632
 2.1331284563708e+11  2.8080066709378e+11 -1.0193158542889e+11  385297014.732
 2.3697118378112e+11  2.6114494548642e+11 -1.0192986840824e+11  385297281.832
 2.5882676875449e+11  2.3950233403780e+11 -1.0192815136807e+11  385297548.932
 2.7871331414974e+11  2.1603747934771e+11 -1.0192643430838e+11  385297816.032
 2.9647951314665e+11  1.9092889247426e+11 -1.0192471722918e+11  385298083.132
 3.1199018973146e+11  1.6436759088827e+11 -1.0192300013047e+11  385298350.232
 3.2512732718620e+11  1.3655564529484e+11 -1.0192128301225e+11  385298617.332
 3.3579096606233e+11  1.0770464230565e+11 -1.0191956587451e+11  385298884.432
 3.4389996473797e+11  7.8034074805135e+10 -1.0191784871726e+11  385299151.532
 3.4939261687010e+11  4.7769672015046e+10 -1.0191613154050e+11  385299418.632
 3.5222712093885e+11  1.7141682217859e+10 -1.0191441434423e+11  385299685.732
 3.5238189837840e+11 -1.3616878930994e+10 -1.0191269712845e+11  385299952.832
 3.4985575785182e+11 -4.4272001231543e+10 -1.0191097989316e+11  385300219.932
 3.4466790442267e+11 -7.4590460185047e+10 -1.0190926263836e+11  385300487.032
 3.3685779353876e+11 -1.0434159148021e+11 -1.0190754536405e+11  385300754.132
 3.2648483097083e+11 -1.3329904580733e+11 -1.0190582807023e+11  385301021.232
 3.1362792095506e+11 -1.6124251098099e+11 -1.0190411075690e+11  385301288.332
 2.9838486597396e+11 -1.8795938813125e+11 -1.0190239342406e+11  385301555.432
 2.8087162280509e+11 -2.1324640912996e+11 -1.0190067607172e+11  385301822.532
 2.6122142037229e+11 -2.3691118317579e+11 -1.0189895869986e+11  385302089.632
 2.3958374628616e+11 -2.5877366047904e+11 -1.0189724130850e+11  385302356.732
 2.1612320957819e+11 -2.7866750220845e+11 -1.0189552389764e+11  385302623.832
 1.9101828843804e+11 -2.9644134604842e+11 -1.0189380646727e+11  385302890.932
 1.6445997247999e+11 -3.1195995780239e+11 -1.0189208901739e+11  385303158.032
 1.3665030967157e+11 -3.2510526039781e+11 -1.0189037154800e+11  385303425.132
 1.0780086928817e+11 -3.3577723225365e+11 -1.0188865405911e+11  385303692.232
 7.8131132315597e+10 -3.4389466835924e+11 -1.0188693655072e+11  385303959.332
 4.7866821649869e+10 -3.4939579818262e+11 -1.0188521902282e+11  385304226.432
 1.7238184890607e+10 -3.5223875570411e+11 -1.0188350147542e+11  385304493.532
-1.3521757391927e+10 -3.5240189804708e+11 -1.0188178390851e+11  385304760.632
-4.4178984472083e+10 -3.4988397023740e+11 -1.0188006632210e+11  385305027.732
-7.4500255860873e+10 -3.4470411485611e+11 -1.0187834871619e+11  385305294.832
-1.0425488581262e+11 -3.3690172651136e+11 -1.0187663109078e+11  385305561.932
-1.3321649842792e+11 -3.2653615221731e+11 -1.0187491344586e+11  385305829.032
-1.6116474988246e+11 -3.1368624000077e+11 -1.0187319578144e+11  385306096.132
-1.8788700486355e+11 -2.9844973912234e+11 -1.0187147809752e+11  385306363.232
-2.1317995436695e+11 -2.8094255647597e+11 -1.0186976039410e+11  385306630.332
-2.3685116244444e+11 -2.6129787490965e+11 -1.0186804267118e+11  385306897.432
-2.5872053038097e+11 -2.3966514001722e+11 -1.0186632492876e+11  385307164.532
-2.7862166692970e+11 -2.1620892324318e+11 -1.0186460716684e+11  385307431.632
-2.9640315424687e+11 -1.9110766995025e+11 -1.0186288938542e+11  385307698.732
-3.1192970000948e+11 -1.6455234181871e+11 -1.0186117158450e+11  385307965.832
-3.2508316677228e+11 -1.3674496410516e+11 -1.0185945376408e+11  385308232.932
-3.3576347084193e+11 -1.0789708870888e+11 -1.0185773592417e+11  385308500.032
-3.4388934382812e+11 -7.8228184678333e+10 -1.0185601806475e+11  385308767.132
-3.4939895099989e+11 -4.7963968619929e+10 -1.0185430018584e+11  385309034.232
-3.5225036185008e+11 -1.7334687396943e+10 -1.0185258228744e+11  385309301.332
-3.5242186919087e+11  1.3426633524748e+10 -1.0185086436953e+11  385309568.432
-3.4991215441015e+11  4.4085962902610e+10 -1.0184914643213e+11  385309835.532
-3.4474029760538e+11  7.4410044276483e+10 -1.0184742847524e+11  385310102.632
 3.9985378831187e+10  3.7532645746624e+11 -3.1169556614696e+10  394835572.744
 7.2540180388393e+10  3.7041466684232e+11 -3.1167394638250e+10  394835839.844
 1.0454315055494e+11  3.6268465066836e+11 -3.1165232656368e+10  394836106.944
 1.3575080086131e+11  3.5219521459985e+11 -3.1163070669051e+10  394836374.044
 1.6592569332922e+11  3.3902615882159e+11 -3.1160908676299e+10  394836641.144
 1.9483824689036e+11  3.2327767098706e+11 -3.1158746678112e+10  394836908.244
 2.2226848420104e+11  3.0506956397936e+11 -3.1156584674490e+10  394837175.344
 2.4800770529131e+11  2.8454036438549e+11 -3.1154422665435e+10  394837442.444
 2.7186007538513e+11  2.6184625863361e+11 -3.1152260650946e+10  394837709.544
 2.9364411496338e+11  2.3715990467191e+11 -3.1150098631023e+10  394837976.644
 3.1319408050484e+11  2.1066911840268e+11 -3.1147936605668e+10  394838243.744
 3.3036122554217e+11  1.8257544476948e+11 -3.1145774574880e+10  394838510.844
 3.4501493240990e+11  1.5309262437749e+11 -3.1143612538661e+10  394838777.944
 3.5704370607481e+11  1.2244496728940e+11 -3.1141450497009e+10  394839045.044
 3.6635602243288e+11  9.0865646502251e+10 -3.1139288449927e+10  394839312.144
 3.7288102472081e+11  5.8594923864544e+10 -3.1137126397414e+10  394839579.244
 3.7656906264555e+11  2.5878322156651e+10 -3.1134964339469e+10  394839846.344
 3.7739207019210e+11 -7.0352429106153e+09 -3.1132802276096e+10  394840113.444
 3.7534377920460e+11 -3.9895356544788e+10 -3.1130640207291e+10  394840380.544
 3.7043976712499e+11 -7.2452010020308e+10 -3.1128478133059e+10  394840647.644
 3.6271733852502e+11 -1.0445750287338e+11 -3.1126316053396e+10  394840914.744
 3.5223524132881e+11 -1.3566832746186e+11 -3.1124153968305e+10  394841181.844
 3.3907321990869e+11 -1.6584702160579e+11 -3.1121991877787e+10  394841448.944
 3.2333140838590e+11 -1.9476397535959e+11 -3.1119829781840e+10  394841716.044
 3.0512956885576e+11 -2.2219917789215e+11 -3.1117667680466e+10  394841983.144
 2.8460618023483e+11 -2.4794389144521e+11 -3.1115505573665e+10  394842250.244
 2.6191738473059e+11 -2.7180223947383e+11 -3.1113343461437e+10  394842517.344
 2.3723579990866e+11 -2.9359269696380e+11 -3.1111181343783e+10  394842784.444
 2.1074920537859e+11 -3.1314947157898e+11 -3.1109019220703e+10  394843051.544
 1.8265911420446e+11 -3.3032376504347e+11 -3.1106857092198e+10  394843318.644
 1.5317923972419e+11 -3.4498490531611e+11 -3.1104694958267e+10  394843585.744
 1.2253386959941e+11 -3.5702134080594e+11 -3.1102532818912e+10  394843852.844
 9.0956159440819e+10 -3.6634148911708e+11 -3.1100370674133e+10  394844119.944
 5.8686358829642e+10 -3.7287443390821e+11 -3.1098208523929e+10  394844387.044
 2.5969983543893e+10 -3.7657046445986e+11 -3.1096046368303e+10  394844654.144
-6.9440524430988e+09 -3.7740145395273e+11 -3.1093884207252e+10  394844921.244
-3.9805330743859e+10 -3.7536107350517e+11 -3.1091722040780e+10  394845188.344
-7.2363833760095e+10 -3.7046484038053e+11 -3.1089559868885e+10  394845455.444
-1.0437184697220e+11 -3.6274999996930e+11 -3.1087397691567e+10  394845722.544
-1.3558584355709e+11 -3.5227524246809e+11 -3.1085235508829e+10  394845989.644
-1.6576833720188e+11 -3.3912025641168e+11 -3.1083073320669e+10  394846256.744
-1.9468968905901e+11 -3.2338512239635e+11 -3.1080911127088e+10  394846523.844
-2.2212985483155e+11 -3.0518955171981e+11 -3.1078748928087e+10  394846790.944
-2.4788005899709e+11 -2.8467197561174e+11 -3.1076586723666e+10  394847058.044
-2.7174438323585e+11 -2.6198849206590e+11 -3.1074424513825e+10  394847325.144
-2.9354125709033e+11 -2.3731167821362e+11 -3.1072262298565e+10  394847592.244
-3.1310483938392e+11 -2.1082927739780e+11 -3.1070100077886e+10  394847859.344
-3.3028628006343e+11 -1.8274277076257e+11 -3.1067937851788e+10  394848126.444
-3.4495485271424e+11 -1.5326584437132e+11 -3.1065775620272e+10  394848393.544
-3.5699894918654e+11 -1.2262276349416e+11 -3.1063613383339e+10  394848660.644
-3.6632692882166e+11 -9.1046666276377e+10 -3.1061451140988e+10  394848927.744
-3.7286781568596e+11 -5.8777790071421e+10 -3.1059288893221e+10  394849194.844
-3.7657183864464e+11 -2.6061643606638e+10 -3.1057126640036e+10  394849461.944
-3.7741081007343e+11  6.8528608928540e+09 -3.1054964381436e+10  394849729.044
-3.7537834036764e+11  3.9715301433890e+10 -3.1052802117420e+10  394849996.144
-3.7048988660605e+11  7.2275651623980e+10 -3.1050639847988e+10  394850263.244
-3.6278263499845e+11  1.0428618286205e+11 -3.1048477573142e+10  394850530.344
-3.5231521801006e+11  1.3550334916759e+11 -3.1046315292880e+10  394850797.444
-3.3916726832359e+11  1.6568964013243e+11 -3.1044153007205e+10  394851064.544
-3.2343881302147e+11  1.9461538798406e+11 -3.1041990716116e+10  394851331.644
-3.0524951257822e+11  2.2206051501051e+11 -3.1039828419613e+10  394851598.744
-2.8473775053087e+11  2.4781620793056e+11 -3.1037666117697e+10  394851865.844
-2.6205958063183e+11  2.7168650667903e+11 -3.1035503810369e+10  394852132.944
-2.3738753959551e+11  2.9348979533628e+11 -3.1033341497628e+10  394852400.044
-2.1090933446504e+11  3.1306018391684e+11 -3.1031179179475e+10  394852667.144
-1.8282641444875e+11  3.3024877059963e+11 -3.1029016855911e+10  394852934.244
-1.5335243835415e+11  3.4492477458895e+11 -3.1026854526936e+10  394853201.344
-1.2271164896336e+11  3.5697653122045e+11 -3.1024692192549e+10  394853468.444
-9.1137167019662e+10  3.6631234154426e+11 -3.1022529852753e+10  394853735.544
-5.8869217595356e+10  3.7286117005351e+11 -3.1020367507547e+10  394854002.644
-2.6153302351013e+10  3.7657318519974e+11 -3.1018205156930e+10  394854269.744
 6.7616682263062e+09  3.7742013855511e+11 -3.1016042800905e+10  394854536.844
 3.9625268630671e+10  3.7539557979065e+11 -3.1013880439471e+10  394854803.944
 3.8128418419239e+11 -1.2165985159232e+10  4.6673087548481e+10  404380274.056
 3.7877334938658e+11 -4.5345769485250e+10  4.6675203476352e+10  404380541.156
 3.7338069681450e+11 -7.8180515188659e+10  4.6677319396436e+10  404380808.256
 3.6514725837629e+11 -1.1042040612929e+11  4.6679435308736e+10  404381075.356
 3.5413567947917e+11 -1.4182015222616e+11  4.6681551213249e+10  404381342.456
 3.4042974238885e+11 -1.7214085572680e+11  4.6683667109977e+10  404381609.556
 3.2413372874334e+11 -2.0115182884433e+11  4.6685782998917e+10  404381876.656
 3.0537162618256e+11 -2.2863234878252e+11  4.6687898880070e+10  404382143.756
 2.8428618492444e+11 -2.5437333717692e+11  4.6690014753436e+10  404382410.856
 2.6103783169296e+11 -2.7817895074251e+11  4.6692130619014e+10  404382677.956
 2.3580344913835e+11 -2.9986807128952e+11  4.6694246476804e+10  404382945.056
 2.0877503002253e+11 -3.1927568373480e+11  4.6696362326806e+10  404383212.156
 1.8015821648174e+11 -3.3625413155478e+11  4.6698478169019e+10  404383479.256
 1.5017073538702e+11 -3.5067424020406e+11  4.6700594003442e+10  404383746.356
 1.1904074186851e+11 -3.6242629985712e+11  4.6702709830076e+10  404384013.456
 8.7005083352913e+10 -3.7142090013131e+11  4.6704825648920e+10  404384280.556
 5.4307497620194e+10 -3.7758961029699e+11  4.6706941459975e+10  404384547.656
 2.1196758336706e+10 -3.8088549991294e+11  4.6709057263238e+10  404384814.756
-1.2075217728249e+10 -3.8128349586387e+11  4.6711173058710e+10  404385081.856
-4.5255287297296e+10 -3.7878057309471e+11  4.6713288846391e+10  404385348.956
-7.8091006608897e+10 -3.7339577761085e+11  4.6715404626281e+10  404385616.056
-1.1033255212722e+11 -3.6517008153448e+11  4.6717520398379e+10  404385883.156
-1.4173462115255e+11 -3.5416607138047e+11  4.6719636162684e+10  404386150.256
-1.7205829829262e+11 -3.4046747182371e+11  4.6721751919197e+10  404386417.356
-2.0107287311846e+11 -3.2417850868903e+11  4.6723867667916e+10  404386684.456
-2.2855759546181e+11 -3.0542311596008e+11  4.6725983408843e+10  404386951.556
-2.5430335495978e+11 -2.8434399282535e+11  4.6728099141976e+10  404387218.656
-2.7811427204002e+11 -2.6110151793594e+11  4.6730214867314e+10  404387485.756
-2.9980918816551e+11 -2.3587252922076e+11  4.6732330584858e+10  404387752.856
-3.1922304415626e+11 -2.0884897841564e+11  4.6734446294608e+10  404388019.956
-3.3620813600991e+11 -1.8023647058822e+11  4.6736561996562e+10  404388287.056
-3.5063523861318e+11 -1.5025269988677e+11  4.6738677690721e+10  404388554.156
-3.6239458894094e+11 -1.1912579320058e+11  4.6740793377084e+10  404388821.256
-3.7139672114529e+11 -8.7092574471934e+10  4.6742909055651e+10  404389088.356
-3.7757314719583e+11 -5.4396762918914e+10  4.6745024726421e+10  404389355.456
-3.8087687795173e+11 -2.1287118698643e+10  4.6747140389395e+10  404389622.556
-3.8128278064225e+11  1.1984449729118e+10  4.6749256044571e+10  404389889.656
-3.7878777006289e+11  4.5164802188822e+10  4.6751371691950e+10  404390156.756
-3.7341083201894e+11  7.8001492811297e+10  4.6753487331531e+10  404390423.856
-3.6519287886914e+11  1.1024469059576e+11  4.6755602963313e+10  404390690.956
-3.5419643820849e+11  1.4164908033819e+11  4.6757718587297e+10  404390958.056
-3.4050517712450e+11  1.7197572897975e+11  4.6759834203482e+10  404391225.156
-3.2422326562174e+11  2.0099390346543e+11  4.6761949811868e+10  404391492.256
-3.0547458403248e+11  2.2848282625266e+11  4.6764065412455e+10  404391759.356
-2.8440178048826e+11  2.5423335502323e+11  4.6766181005240e+10  404392026.456
-2.6116518556203e+11  2.7804957392196e+11  4.6768296590226e+10  404392293.556
-2.3594159245775e+11  2.9975028407064e+11  4.6770412167411e+10  404392560.656
-2.0892291183628e+11  3.1917038223087e+11  4.6772527736796e+10  404392827.756
-1.8031471174321e+11  3.3616211688954e+11  4.6774643298378e+10  404393094.856
-1.5033465354891e+11  3.5059621240351e+11  4.6776758852159e+10  404393361.956
-1.1921083587105e+11  3.6236285255870e+11  4.6778874398138e+10  404393629.056
-8.7180059181470e+10  3.7137251603530e+11  4.6780989936314e+10  404393896.156
-5.4486024120010e+10  3.7755665750999e+11  4.6783105466688e+10  404394163.256
-2.1377477295180e+10  3.8086822914991e+11  4.6785220989259e+10  404394430.356
 1.1893681138638e+10  3.8128203852866e+11  4.6787336504025e+10  404394697.456
 4.5074314158859e+10  3.7879494029162e+11  4.6789452010989e+10  404394964.556
 7.7911973740603e+10  3.7342586005072e+11  4.6791567510147e+10  404395231.656
 1.1015682154469e+11  3.6521565037772e+11  4.6793683001502e+10  404395498.756
 1.4156352979261e+11  3.5422677995983e+11  4.6795798485052e+10  404395765.856
 1.7189314776762e+11  3.4054285830204e+11  4.6797913960796e+10  404396032.956
 2.0091491985629e+11  3.2426799955991e+11  4.6800029428735e+10  404396300.056
 2.2840804112782e+11  3.0552603042062e+11  4.6802144888867e+10  404396567.156
 2.5416333735022e+11  2.8445954792894e+11  4.6804260341194e+10  404396834.256
 2.7798485637272e+11  2.6122883458841e+11  4.6806375785714e+10  404397101.356
 2.9969135900457e+11  2.3601063885033e+11  4.6808491222427e+10  404397368.456
 3.1911769794014e+11  2.0899683031335e+11  4.6810606651332e+10  404397635.556
 3.3611607418857e+11  1.8039293995700e+11  4.6812722072430e+10  404397902.656
 3.5055716157962e+11  1.5041659636374e+11  4.6814837485720e+10  404398169.756
 3.6233109071065e+11  1.1929586988041e+11  4.6816952891202e+10  404398436.856
 3.7134828479911e+11  8.7267537492796e+10  4.6819068288874e+10  404398703.956
 3.7754014124138e+11  5.4575281212931e+10  4.6821183678738e+10  404398971.056
 3.8085955350785e+11  2.1467834126725e+10  4.6823299060792e+10  404399238.156
 3.8128126952278e+11 -1.1802911978625e+10  4.6825414435037e+10  404399505.256
 2.0664629304935e+10 -3.6473803350892e+11  1.1475061149120e+11  413924975.368
-1.1197810308861e+10 -3.6515064092747e+11  1.1475223677557e+11  413925242.468
-4.2974941460038e+10 -3.6278513952508e+11  1.1475386204058e+11  413925509.568
-7.4425000469398e+10 -3.5765953626624e+11  1.1475548728624e+11  413925776.668
-1.0530871288496e+11 -3.4981283722294e+11  1.1475711251255e+11  413926043.768
-1.3539111398351e+11 -3.3930475072304e+11  1.1475873771950e+11  413926310.868
-1.6444333632094e+11 -3.2621523302428e+11  1.1476036290710e+11  413926577.968
-1.9224435099214e+11 -3.1064387992146e+11  1.1476198807535e+11  413926845.068
-2.1858264924497e+11 -2.9270916891817e+11  1.1476361322424e+11  413927112.168
-2.4325785155292e+11 -2.7254755781571e+11  1.1476523835378e+11  413927379.268
-2.6608223217361e+11 -2.5031244640202e+11  1.1476686346396e+11  413927646.368
-2.8688214727070e+11 -2.2617300936116e+11  1.1476848855479e+11  413927913.468
-3.0549935599610e+11 -2.0031290909735e+11  1.1477011362627e+11  413928180.568
-3.2179222436453e+11 -1.7292889832996e+11  1.1477173867839e+11  413928447.668
-3.3563680271985e+11 -1.4422932319109e+11  1.1477336371115e+11  413928714.768
-3.4692776873780e+11 -1.1443253799043e+11  1.1477498872456e+11  413928981.868
-3.5557922862898e+11 -8.3765243980764e+10  1.1477661371861e+11  413929248.968
-3.6152537057813e+11 -5.2460764521467e+10  1.1477823869330e+11  413929516.068
-3.6472096537009e+11 -2.0757269924166e+10  1.1477986364864e+11  413929783.168
-3.6514171042827e+11  1.1104034633659e+10  1.1478148858462e+11  413930050.268
-3.6278441462989e+11  4.2880744172407e+10  1.1478311350124e+11  413930317.368
-3.5766702251597e+11  7.4331098190915e+10  1.1478473839850e+11  413930584.468
-3.4982847768210e+11  1.0521582003663e+11  1.1478636327641e+11  413930851.568
-3.3932842642602e+11  1.3529993727758e+11  1.1478798813496e+11  413931118.668
-3.2624676387642e+11  1.6435456941635e+11  1.1478961297415e+11  413931385.768
-3.1068302604643e+11  1.9215866925374e+11  1.1479123779398e+11  413931652.868
-2.9275563252964e+11  2.1850070451795e+11  1.1479286259445e+11  413931919.968
-2.7260098544201e+11  2.4318026727867e+11  1.1479448737556e+11  413932187.068
-2.5037243159087e+11  2.6600959861825e+11  1.1479611213731e+11  413932454.168
-2.2623909577817e+11  2.8681501703084e+11  1.1479773687970e+11  413932721.268
-2.0038459396430e+11  3.0543823982095e+11  1.1479936160273e+11  413932988.368
-1.7300563629970e+11  3.2173758723065e+11  1.1480098630640e+11  413933255.468
-1.4431053046306e+11  3.3558906031978e+11  1.1480261099071e+11  413933522.568
-1.1451759676035e+11  3.4688728431082e+11  1.1480423565566e+11  413933789.668
-8.3853507151150e+10  3.5554631019500e+11  1.1480586030124e+11  413934056.768
-5.2551560593751e+10  3.6150026860239e+11  1.1480748492747e+11  413934323.868
-2.0849908137881e+10  3.6470387084834e+11  1.1480910953433e+11  413934590.968
 1.1010259055782e+10  3.6513275343688e+11  1.1481073412183e+11  413934858.068
 4.2786544662614e+10  3.6278366333608e+11  1.1481235868996e+11  413935125.168
 7.4237191408727e+10  3.5767448265897e+11  1.1481398323874e+11  413935392.268
 1.0512292042675e+11  3.4984409252631e+11  1.1481560776815e+11  413935659.368
 1.3520875159383e+11  3.3935207720465e+11  1.1481723227819e+11  413935926.468
 1.6426579140566e+11  3.2627827067656e+11  1.1481885676887e+11  413936193.568
 1.9207297433748e+11  3.1072214918989e+11  1.1482048124019e+11  413936460.668
 2.1841874465504e+11  2.9280207439948e+11  1.1482210569214e+11  413936727.768
 2.4310266603947e+11  2.7265439272126e+11  1.1482373012473e+11  413936994.868
 2.6593694638211e+11  2.5043239799616e+11  1.1482535453796e+11  413937261.968
 2.8674786655762e+11  2.2630516509426e+11  1.1482697893181e+11  413937529.068
 3.0537710199339e+11  2.0045626356743e+11  1.1482860330631e+11  413937796.168
 3.2168292719158e+11  1.7308236095987e+11  1.1483022766143e+11  413938063.268
 3.3554129394605e+11  1.4439172646229e+11  1.1483185199719e+11  413938330.368
 3.4684677501906e+11  1.1460264638953e+11  1.1483347631358e+11  413938597.468
 3.5551336619674e+11  8.3941763371955e+10  1.1483510061061e+11  413938864.568
 3.6147514055401e+11  5.2642351970591e+10  1.1483672488827e+11  413939131.668
 3.6468674994458e+11  2.0942543935402e+10  1.1483834914656e+11  413939398.768
 3.6512376995331e+11 -1.0916483585950e+10  1.1483997338548e+11  413939665.868
 3.6278288564268e+11 -4.2692342941337e+10  1.1484159760503e+11  413939932.968
 3.5768191669121e+11 -7.4143280143796e+10  1.1484322180522e+11  413940200.068
 3.4985968175584e+11 -1.0503001405550e+11  1.1484484598604e+11  413940467.168
 3.3937570305129e+11 -1.3511755695222e+11  1.1484647014749e+11  413940734.268
 3.2630975341538e+11 -1.6417700230807e+11  1.1484809428957e+11  413941001.368
 3.1076124934086e+11 -1.9198726626169e+11  1.1484971841228e+11  413941268.468
 2.9284849449834e+11 -2.1833676969611e+11  1.1485134251562e+11  413941535.568
 2.7270777963491e+11 -2.4302504785659e+11  1.1485296659959e+11  413941802.668
 2.5049234558208e+11 -2.6586427549936e+11  1.1485459066418e+11  413942069.768
 2.2637121729579e+11 -2.8668069586218e+11  1.1485621470941e+11  413942336.868
 2.0052791789218e+11 -3.0531594252333e+11  1.1485783873527e+11  413942603.968
 1.7315907226701e+11 -3.2162824427104e+11  1.1485946274176e+11  413942871.068
 1.4447291116299e+11 -3.3549350361010e+11  1.1486108672887e+11  413943138.168
 1.1468768686133e+11 -3.4680624086832e+11  1.1486271069661e+11  413943405.268
 8.4030012626119e+10 -3.5548039663853e+11  1.1486433464498e+11  413943672.368
 5.2733138645134e+10 -3.6144998643431e+11  1.1486595857398e+11  413943939.468
 2.1035177320402e+10 -3.6466960265892e+11  1.1486758248360e+11  413944206.568
-3.3293175262220e+11 -6.7068186206502e+10  1.5836806125284e+11  423469676.680
-3.3750891769110e+11 -3.7801417640917e+10  1.5836882249110e+11  423469943.780
-3.3951837038501e+11 -8.2471852265189e+09  1.5836958370085e+11  423470210.880
-3.3894483385112e+11  2.1369667753212e+10  1.5837034488211e+11  423470477.980
-3.3579268211132e+11  5.0823822571170e+10  1.5837110603487e+11  423470745.080
-3.3008590670543e+11  7.9891199174529e+10  1.5837186715913e+11  423471012.180
-3.2186793409095e+11  1.0835066096139e+11  1.5837262825490e+11  423471279.280
-3.1120129516768e+11  1.3598569716397e+11  1.5837338932216e+11  423471546.380
-2.9816714951363e+11  1.6258606989351e+11  1.5837415036092e+11  423471813.480
-2.8286466781957e+11  1.8794941367809e+11  1.5837491137119e+11  423472080.580
-2.6541027736025e+11  2.1188277492306e+11  1.5837567235295e+11  423472347.680
-2.4593677621162e+11  2.3420407977644e+11  1.5837643330621e+11  423472614.780
-2.2459232280737e+11  2.5474351936379e+11  1.5837719423098e+11  423472881.880
-2.0153930878497e+11  2.7334484152025e+11  1.5837795512724e+11  423473148.980
-1.7695312346460e+11  2.8986653949979e+11  1.5837871599500e+11  423473416.080
-1.5102081944510e+11  3.0418292847993e+11  1.5837947683426e+11  423473683.180
-1.2393968954992e+11  3.1618510164557e+11  1.5838023764502e+11  423473950.280
-9.5915765801672e+10  3.2578175867858e+11  1.5838099842728e+11  423474217.380
-6.7162251910115e+10  3.3289990028369e+11  1.5838175918103e+11  423474484.480
-3.7897901301562e+10  3.3748538345502e+11  1.5838251990629e+11  423474751.580
-8.3453527918941e+09  3.3950333332497e+11  1.5838328060304e+11  423475018.680
 2.1270563148776e+10  3.3893840839198e+11  1.5838404127129e+11  423475285.780
 5.0724534894876e+10  3.3579491716291e+11  1.5838480191104e+11  423475552.880
 7.9792483817979e+10  3.3009678528655e+11  1.5838556252228e+11  423475819.980
 1.0825326895417e+11  3.2188737346085e+11  1.5838632310502e+11  423476087.080
 1.3589036946968e+11  3.1122914745480e+11  1.5838708365926e+11  423476354.180
 1.6249353177242e+11  2.9820320284037e+11  1.5838784418500e+11  423476621.280
 1.8786036917760e+11  2.8290864790864e+11  1.5838860468223e+11  423476888.380
 2.1179790148834e+11  2.6546184964304e+11  1.5838936515096e+11  423477155.480
 2.3412402314560e+11  2.4599554834071e+11  1.5839012559118e+11  423477422.580
 2.5466888862217e+11  2.2465784766319e+11  1.5839088600290e+11  423477689.680
 2.7327620447460e+11  2.0161108787185e+11  1.5839164638612e+11  423477956.780
 2.8980441835829e+11  1.7703061070323e+11  1.5839240674083e+11  423478223.880
 3.0412779587907e+11  1.5110342532697e+11  1.5839316706704e+11  423478490.980
 3.1613737705060e+11  1.2402678563136e+11  1.5839392736474e+11  423478758.080
 3.2574180520648e+11  9.6006689448277e+10  1.5839468763393e+11  423479025.180
 3.3286802191880e+11  6.7256311392999e+10  1.5839544787462e+11  423479292.280
 3.3746182275058e+11  3.7994381023256e+10  1.5839620808681e+11  423479559.380
 3.3948826955400e+11  8.4435187397524e+09  1.5839696827049e+11  423479826.480
 3.3893195618316e+11 -2.1171457818248e+10  1.5839772842566e+11  423480093.580
 3.3579712562686e+11 -5.0625244183828e+10  1.5839848855233e+11  423480360.680
 3.3010763764792e+11 -7.9693763111763e+10  1.5839924865049e+11  423480627.780
 3.2190678717061e+11 -1.0815586935158e+11  1.5840000872014e+11  423480894.880
 3.1125697484913e+11 -1.3579503195475e+11  1.5840076876129e+11  423481161.980
 2.9823923222003e+11 -1.6240098170757e+11  1.5840152877393e+11  423481429.080
 2.8295260518795e+11 -1.8777131068379e+11  1.5840228875806e+11  423481696.180
 2.6551340042220e+11 -2.1171301212587e+11  1.5840304871369e+11  423481963.280
 2.4605430042908e+11 -2.3404394878092e+11  1.5840380864081e+11  423482230.380
 2.2472335409983e+11 -2.5459423846780e+11  1.5840456853941e+11  423482497.480
 2.0168285030918e+11 -2.7320754647912e+11  1.5840532840952e+11  423482764.580
 1.7710808317278e+11 -2.8974227490093e+11  1.5840608825111e+11  423483031.680
 1.5118601844937e+11 -3.0407263975584e+11  1.5840684806419e+11  423483298.780
 1.2411387103321e+11 -3.1608962791809e+11  1.5840760784877e+11  423483565.880
 9.6097604603586e+10 -3.2570182635674e+11  1.5840836760484e+11  423483832.980
 6.7350364637976e+10 -3.3283611753090e+11  1.5840912733239e+11  423484100.080
 3.8090856788594e+10 -3.3743823557964e+11  1.5840988703144e+11  423484367.180
 8.5416830624736e+09 -3.3947317907216e+11  1.5841064670198e+11  423484634.280
-2.1072351779088e+10 -3.3892547722344e+11  1.5841140634401e+11  423484901.380
-5.0525950425996e+10 -3.3579930750489e+11  1.5841216595753e+11  423485168.480
-7.9595037076250e+10 -3.3011846378451e+11  1.5841292554254e+11  423485435.580
-1.0805846212663e+11 -3.2192617522916e+11  1.5841368509904e+11  423485702.680
-1.3569968462932e+11 -3.1128477734612e+11  1.5841444462702e+11  423485969.780
-1.6230841969129e+11 -2.9827523765666e+11  1.5841520412650e+11  423486236.880
-1.8768223819761e+11 -2.8299653965674e+11  1.5841596359747e+11  423486503.980
-2.1162810684425e+11 -2.6556492969072e+11  1.5841672303992e+11  423486771.080
-2.3396385667604e+11 -2.4611303248263e+11  1.5841748245386e+11  423487038.180
-2.5451956888833e+11 -2.2478884213112e+11  1.5841824183929e+11  423487305.280
-2.7313886754029e+11 -2.0175459608798e+11  1.5841900119621e+11  423487572.380
-2.8968010912311e+11 -1.7718554088058e+11  1.5841976052462e+11  423487839.480
-3.0401746011510e+11 -1.5126859880232e+11  1.5842051982452e+11  423488106.580
-3.1604185424116e+11 -1.2420094577270e+11  1.5842127909590e+11  423488373.680
-3.2566182212401e+11 -9.6188511285357e+10  1.5842203833877e+11  423488640.780
-3.3280418712208e+11 -6.7444411634146e+10  1.5842279755313e+11  423488907.880
-1.2783395330229e+11  2.9411288466172e+11  1.6603847773831e+11  433014377.992
-1.0171920207793e+11  3.0413306167586e+11  1.6603811632815e+11  433014645.092
-7.4830671975532e+10  3.1183953013020e+11  1.6603775488462e+11  433014912.192
-4.7372918688558e+10  3.1717366749014e+11  1.6603739340770e+11  433015179.292
-1.9554827930882e+10  3.2009489880745e+11  1.6603703189741e+11  433015446.392
 8.4119737489474e+09  3.2058100537775e+11  1.6603667035373e+11  433015713.492
 3.6314728855526e+10  3.1862829372573e+11  1.6603630877668e+11  433015980.592
 6.3941167527377e+10  3.1425162367499e+11  1.6603594716624e+11  433016247.692
 9.1081122404645e+10  3.0748429525915e+11  1.6603558552242e+11  433016514.792
 1.1752812740758e+11  2.9837779536956e+11  1.6603522384523e+11  433016781.892
 1.4308098849042e+11  2.8700140601715e+11  1.6603486213465e+11  433017048.992
 1.6754531415129e+11  2.7344167725587e+11  1.6603450039069e+11  433017316.092
 1.9073499427911e+11  2.5780176871563e+11  1.6603413861335e+11  433017583.192
 2.1247361599751e+11  2.4020066476002e+11  1.6603377680262e+11  433017850.292
 2.3259580562483e+11  2.2077226934619e+11  1.6603341495852e+11  433018117.392
 2.5094848682742e+11  1.9966438724902e+11  1.6603305308104e+11  433018384.492
 2.6739204507479e+11  1.7703759964156e+11  1.6603269117017e+11  433018651.592
 2.8180138970301e+11  1.5306404250136e+11  1.6603232922593e+11  433018918.692
 2.9406690557939e+11  1.2792609697522e+11  1.6603196724830e+11  433019185.792
 3.0409528692725e+11  1.0181500194755e+11  1.6603160523729e+11  433019452.892
 3.1181024711944e+11  7.4929399186940e+10  1.6603124319290e+11  433019719.992
 3.1715309900804e+11  4.7473822141388e+10  1.6603088111513e+11  433019987.092
 3.2008320134825e+11  1.9657139958300e+10  1.6603051900398e+11  433020254.192
 3.2057826794549e+11 -8.3090315310426e+09  1.6603015685944e+11  433020521.292
 3.1863453715809e+11 -3.6211939617323e+10  1.6602979468153e+11  433020788.392
 3.1426680048047e+11 -6.3839313303854e+10  1.6602943247023e+11  433021055.492
 3.0750828998460e+11 -9.0980978090383e+10  1.6602907022555e+11  433021322.592
 2.9841042547429e+11 -1.1743045489840e+11  1.6602870794749e+11  433021589.692
 2.8704242325846e+11 -1.4298653088600e+11  1.6602834563605e+11  433021856.792
 2.7349076959425e+11 -1.6745479006830e+11  1.6602798329123e+11  433022123.892
 2.5785856266374e+11 -1.9064909243396e+11  1.6602762091302e+11  433022390.992
 2.4026472824072e+11 -2.1239298993327e+11  1.6602725850143e+11  433022658.092
 2.2084311497553e+11 -2.3252106874739e+11  1.6602689605647e+11  433022925.192
 1.9974147604418e+11 -2.5088020773870e+11  1.6602653357812e+11  433023192.292
 1.7712034512136e+11 -2.6733074324676e+11  1.6602617106638e+11  433023459.392
 1.5315181514810e+11 -2.8174753152554e+11  1.6602580852127e+11  433023726.492
 1.2801822901544e+11 -2.9402090081559e+11  1.6602544594277e+11  433023993.592
 1.0191079246341e+11 -3.0405748558219e+11  1.6602508333089e+11  433024260.692
 7.5028119406810e+10 -3.1178093679609e+11  1.6602472068563e+11  433024527.792
 4.7574721018479e+10 -3.1713250270656e+11  1.6602435800699e+11  433024794.892
 1.9759449842209e+10 -3.2007147577728e+11  1.6602399529496e+11  433025061.992
-8.2060889895375e+09 -3.2057550232178e+11  1.6602363254956e+11  433025329.092
-3.6109147618723e+10 -3.1864075253226e+11  1.6602326977077e+11  433025596.192
-6.3737453876322e+10 -3.1428194957683e+11  1.6602290695859e+11  433025863.292
-9.0880826168404e+10 -3.0753225756240e+11  1.6602254411304e+11  433026130.392
-1.1733277246218e+11 -2.9844302919066e+11  1.6602218123410e+11  433026397.492
-1.4289206106776e+11 -2.8708341508925e+11  1.6602181832178e+11  433026664.592
-1.6736425161163e+11 -2.7353983767813e+11  1.6602145537608e+11  433026931.692
-1.9056317417127e+11 -2.5791533369097e+11  1.6602109239699e+11  433027198.792
-2.1231234550263e+11 -2.4032877033065e+11  1.6602072938453e+11  433027465.892
-2.3244631170940e+11 -2.2091394089585e+11  1.6602036633868e+11  433027732.992
-2.5081190685447e+11 -1.9981854695472e+11  1.6602000325944e+11  433028000.092
-2.6726941814247e+11 -1.7720307469154e+11  1.6601964014683e+11  433028267.192
-2.8169364877840e+11 -1.5323957396577e+11  1.6601927700083e+11  433028534.292
-2.9397487036303e+11 -1.2811034943725e+11  1.6601891382145e+11  433028801.392
-3.0401965763746e+11 -1.0200657363207e+11  1.6601855060868e+11  433029068.492
-3.1175159915750e+11 -7.5126832641942e+10  1.6601818736254e+11  433029335.592
-3.1711187858780e+11 -4.7675615299149e+10  1.6601782408300e+11  433029602.692
-3.2005972209368e+11 -1.9861757580455e+10  1.6601746077009e+11  433029869.792
-3.2057270850511e+11  8.1031461451643e+09  1.6601709742379e+11  433030136.892
-3.1864693984706e+11  3.6006352861703e+10  1.6601673404411e+11  433030403.992
-3.1429707096269e+11  6.3635589246647e+10  1.6601637063105e+11  433030671.092
-3.0755619798570e+11  9.0780666658342e+10  1.6601600718461e+11  433030938.192
-2.9847560652383e+11  1.1723508008315e+11  1.6601564370478e+11  433031205.292
-2.8712438149522e+11  1.4279757906221e+11  1.6601528019156e+11  433031472.392
-2.7358888149097e+11  1.6727369880645e+11  1.6601491664497e+11  433031739.492
-2.5797208180639e+11  1.9047723947716e+11  1.6601455306499e+11  433032006.592
-2.4039279101532e+11  2.1223168272049e+11  1.6601418945162e+11  433032273.692
-2.2098474708465e+11  2.3237153453089e+11  1.6601382580488e+11  433032540.792
-1.9989559997107e+11  2.5074358418107e+11  1.6601346212475e+11  433032807.892
-1.7728578833425e+11  2.6720806977258e+11  1.6601309841123e+11  433033074.992
-1.5332731895205e+11  2.8163974146174e+11  1.6601273466433e+11  433033342.092
-1.2820245820410e+11  2.9392881423657e+11  1.6601237088405e+11  433033609.192
 2.5238482808361e+11  1.9462134509093e+11  1.3191077143446e+11  442559079.304
 2.6838382121900e+11  1.7188887647488e+11  1.3190923982275e+11  442559346.404
 2.8234110746308e+11  1.4784874813528e+11  1.3190770818060e+11  442559613.504
 2.9415050536620e+11  1.2268384338136e+11  1.3190617650802e+11  442559880.604
 3.0372217335733e+11  9.6585602421406e+10  1.3190464480501e+11  442560147.704
 3.1098329325707e+11  6.9752565928458e+10  1.3190311307155e+11  442560414.804
 3.1587862423095e+11  4.2388864714976e+10  1.3190158130767e+11  442560681.904
 3.1837092306124e+11  1.4702666794006e+10  1.3190004951334e+11  442560949.004
 3.1844122748892e+11 -1.3095406277086e+10  1.3189851768859e+11  442561216.104
 3.1608900048113e+11 -4.0793881626582e+10  1.3189698583339e+11  442561483.204
 3.1133213433358e+11 -6.8182043914461e+10  1.3189545394777e+11  442561750.304
 3.0420681457566e+11 -9.5051538278706e+10  1.3189392203171e+11  442562017.404
 2.9476724470791e+11 -1.2119795541882e+11  1.3189239008521e+11  442562284.504
 2.8308523385408e+11 -1.4642238666195e+11  1.3189085810829e+11  442562551.604
 2.6924965051524e+11 -1.7053293709912e+11  1.3188932610092e+11  442562818.704
 2.5336574648242e+11 -1.9334618550280e+11  1.3188779406313e+11  442563085.804
 2.3555435621808e+11 -2.1468857960132e+11  1.3188626199490e+11  442563352.904
 2.1595097754078e+11 -2.3439775650338e+11  1.3188472989624e+11  442563620.004
 1.9470474091087e+11 -2.5232377778597e+11  1.3188319776715e+11  442563887.104
 1.7197727490770e+11 -2.6833027019702e+11  1.3188166560763e+11  442564154.204
 1.4794147666244e+11 -2.8229546311547e+11  1.3188013341767e+11  442564421.304
 1.2278019656736e+11 -2.9411311492706e+11  1.3187860119728e+11  442564688.404
 9.6684847222500e+10 -3.0369332128312e+11  1.3187706894646e+11  442564955.504
 6.9853947328499e+10 -3.1096319903624e+11  1.3187553666521e+11  442565222.604
 4.2491611444360e+10 -3.1586744072716e+11  1.3187400435353e+11  442565489.704
 1.4805997169121e+10 -3.1836873535186e+11  1.3187247201141e+11  442565756.804
-1.2992278352042e+10 -3.1844805221042e+11  1.3187093963887e+11  442566023.904
-4.0691740715929e+10 -3.1610478570751e+11  1.3186940723590e+11  442566291.004
-6.8081667073130e+10 -3.1135675997019e+11  1.3186787480249e+11  442566558.104
-9.4953689131805e+10 -3.0424009327566e+11  1.3186634233866e+11  442566825.204
-1.2110337838757e+11 -2.9480892328657e+11  1.3186480984440e+11  442567092.304
-1.4633180124740e+11 -2.8313499523147e+11  1.3186327731970e+11  442567359.404
-1.7044703245158e+11 -2.6930711611257e+11  1.3186174476458e+11  442567626.504
-1.9326561512895e+11 -2.5343047913233e+11  1.3186021217903e+11  442567893.604
-2.1461395647001e+11 -2.3562586343889e+11  1.3185867956305e+11  442568160.704
-2.3432964832616e+11 -2.1602871531722e+11  1.3185714691664e+11  442568427.804
-2.5226270269153e+11 -1.9478811784830e+11  1.3185561423981e+11  442568694.904
-2.6827669282708e+11 -1.7206565669054e+11  1.3185408153254e+11  442568962.004
-2.8224979106487e+11 -1.4803419090704e+11  1.3185254879485e+11  442569229.104
-2.9407569564923e+11 -1.2287653793050e+11  1.3185101602673e+11  442569496.204
-3.0366443944680e+11 -9.6784082767465e+10  1.3184948322818e+11  442569763.304
-3.1094307435780e+11 -6.9955322110059e+10  1.3184795039921e+11  442570030.404
-3.1585622630726e+11 -4.2594354216059e+10  1.3184641753981e+11  442570297.504
-3.1836651649858e+11 -1.4909326304836e+10  1.3184488464998e+11  442570564.604
-3.1845484579877e+11  1.2889148938591e+10  1.3184335172973e+11  442570831.704
-3.1612054004756e+11  4.0589595618831e+10  1.3184181877905e+11  442571098.804
-3.1138135520464e+11  6.7981283360820e+10  1.3184028579794e+11  442571365.904
-3.0427334227948e+11  9.4855830517406e+10  1.3183875278641e+11  442571633.004
-2.9485057311394e+11  1.2100878931997e+11  1.3183721974445e+11  442571900.104
-2.8318472901993e+11  1.4624120132865e+11  1.3183568667207e+11  442572167.204
-2.6936455548969e+11  1.7036111095092e+11  1.3183415356926e+11  442572434.304
-2.5349518711701e+11  1.9318502569860e+11  1.3183262043603e+11  442572701.404
-2.3569734774252e+11  2.1453931221218e+11  1.3183108727237e+11  442572968.504
-2.1610643211813e+11  2.3426151709317e+11  1.3182955407829e+11  442573235.604
-1.9487147588429e+11  2.5220160281251e+11  1.3182802085379e+11  442573502.704
-1.7215402180345e+11  2.6822308911972e+11  1.3182648759886e+11  442573769.804
-1.4812689084827e+11  2.8220409132005e+11  1.3182495431351e+11  442574036.904
-1.2297286744932e+11  2.9403824753963e+11  1.3182342099773e+11  442574304.004
-9.6883309025474e+10  3.0363552785618e+11  1.3182188765153e+11  442574571.104
-7.0056690223651e+10  3.1092291923094e+11  1.3182035427491e+11  442574838.204
-4.2697093007550e+10  3.1584498097239e+11  1.3181882086787e+11  442575105.304
-1.5012654178615e+10  3.1836426650055e+11  1.3181728743040e+11  442575372.404
 1.2786018086912e+10  3.1846160825001e+11  1.3181575396251e+11  442575639.504
 4.0487446366537e+10  3.1613626349536e+11  1.3181422046420e+11  442575906.604
 6.7880892835328e+10  3.1140592002236e+11  1.3181268693547e+11  442576173.704
 9.4757962429832e+10  3.0430656158691e+11  1.3181115337632e+11  442576440.804
 1.2091418823608e+11  2.9489219417972e+11  1.3180961978674e+11  442576707.904
 1.4615058695777e+11  2.8323443519044e+11  1.3180808616675e+11  442576975.004
 1.7027517263079e+11  2.6942196862308e+11  1.3180655251633e+11  442577242.104
 1.9310441722587e+11  2.5355987042329e+11  1.3180501883549e+11  442577509.204
 2.1446464682704e+11  2.3576880912712e+11  1.3180348512424e+11  442577776.304
 2.3419336281604e+11  2.1618412792812e+11  1.3180195138256e+11  442578043.404
 2.5214047814215e+11  1.9495481502449e+11  1.3180041761046e+11  442578310.504
 2.5270740489084e+11 -2.0419926376711e+11  6.0190816187375e+10  452103780.616
 2.3395263740832e+11 -2.2544312365860e+11  6.0188421019211e+10  452104047.716
 2.1341804657840e+11 -2.4497192224744e+11  6.0186025835250e+10  452104314.816
 1.9125984965594e+11 -2.6263709170327e+11  6.0183630635490e+10  452104581.916
 1.6764661568876e+11 -2.7830424180169e+11  6.0181235419934e+10  452104849.016
 1.4275798313875e+11 -2.9185418230503e+11  6.0178840188580e+10  452105116.116
 1.1678329324280e+11 -3.0318382973759e+11  6.0176444941430e+10  452105383.216
 8.9920149641590e+10 -3.1220699158371e+11  6.0174049678485e+10  452105650.316
 6.2372915077419e+10 -3.1885502203121e+11  6.0171654399745e+10  452105917.416
 3.4351156665390e+10 -3.2307734421360e+11  6.0169259105211e+10  452106184.516
 6.0680516548869e+09 -3.2484183497541e+11  6.0166863794882e+10  452106451.616
-2.2261234365944e+10 -3.2413506927271e+11  6.0164468468760e+10  452106718.716
-5.0421184338205e+10 -3.2096242231579e+11  6.0162073126847e+10  452106985.816
-7.8197569340186e+10 -3.1534802868144e+11  6.0159677769140e+10  452107252.916
-1.0537907824799e+11 -3.0733459873696e+11  6.0157282395643e+10  452107520.016
-1.3175892542249e+11 -2.9698309370747e+11  6.0154887006355e+10  452107787.116
-1.5713642379104e+11 -2.8437226192472e+11  6.0152491601276e+10  452108054.216
-1.8131851154433e+11 -2.6959803978695e+11  6.0150096180408e+10  452108321.316
-2.0412122097440e+11 -2.5277282187621e+11  6.0147700743750e+10  452108588.416
-2.2537107796633e+11 -2.3402460594451e+11  6.0145305291304e+10  452108855.516
-2.4490642171741e+11 -2.1349601918242e+11  6.0142909823070e+10  452109122.616
-2.6257863461340e+11 -1.9134323316445e+11  6.0140514339048e+10  452109389.716
-2.7825327284328e+11 -1.6773477578453e+11  6.0138118839240e+10  452109656.816
-2.9181108921936e+11 -1.4285024914379e+11  6.0135723323645e+10  452109923.916
-3.0314894033709e+11 -1.1687896326886e+11  6.0133327792266e+10  452110191.016
-3.1218057127509e+11 -9.0018495906430e+10  6.0130932245100e+10  452110458.116
-3.1883727180204e+11 -6.2473189413081e+10  6.0128536682150e+10  452110725.216
-3.2306839908774e+11 -3.4452596264112e+10  6.0126141103417e+10  452110992.316
-3.2484176299628e+11 -6.1698848357409e+09  6.0123745508900e+10  452111259.416
-3.2414387098440e+11  2.2159782258698e+10  6.0121349898600e+10  452111526.516
-3.2098003075380e+11  5.0320885117408e+10  6.0118954272518e+10  452111793.616
-3.1537430989214e+11  7.8099185982292e+10  6.0116558630655e+10  452112060.716
-3.0736935278548e+11  1.0528335919190e+11  6.0114162973011e+10  452112327.816
-2.9702605620135e+11  1.3166659883791e+11  6.0111767299586e+10  452112594.916
-2.8442310604368e+11  1.5704819200560e+11  6.0109371610381e+10  452112862.016
-2.6965637872793e+11  1.8123504578563e+11  6.0106975905397e+10  452113129.116
-2.5283821183861e+11  2.0404315617971e+11  6.0104580184635e+10  452113396.216
-2.3409654948423e+11  2.2529900799417e+11  6.0102184448094e+10  452113663.316
-2.1357396899356e+11  2.4484089482785e+11  6.0099788695775e+10  452113930.416
-1.9142659627892e+11  2.6252014926693e+11  6.0097392927680e+10  452114197.516
-1.6782291800982e+11  2.7820227396834e+11  6.0094997143809e+10  452114464.616
-1.4294249996164e+11  2.9176796476951e+11  6.0092601344162e+10  452114731.716
-1.1697462090731e+11  3.0311401836483e+11  6.0090205528739e+10  452114998.816
-9.0116832650822e+10  3.1215411744433e+11  6.0087809697542e+10  452115265.916
-6.2573457194822e+10  3.1881948734676e+11  6.0085413850571e+10  452115533.016
-3.4554032325634e+10  3.2305941929375e+11  6.0083017987826e+10  452115800.116
-6.2717175137593e+09  3.2484165617257e+11  6.0080622109309e+10  452116067.216
 2.2058327663248e+10  3.2415263793693e+11  6.0078226215019e+10  452116334.316
 5.0220580351646e+10  3.2099760478746e+11  6.0075830304957e+10  452116601.416
 7.8000794111752e+10  3.1540055731017e+11  6.0073434379125e+10  452116868.516
 1.0518762871983e+11  3.0740407390849e+11  6.0071038437521e+10  452117135.616
 1.3157425799438e+11  2.9706898689731e+11  6.0068642480148e+10  452117402.716
 1.5695994326944e+11  2.8447391971438e+11  6.0066246507006e+10  452117669.816
 1.8115156047958e+11  2.6971468881872e+11  6.0063850518094e+10  452117936.916
 2.0396506939802e+11  2.5290357476379e+11  6.0061454513415e+10  452118204.016
 2.2522691376942e+11  2.3416846799887e+11  6.0059058492967e+10  452118471.116
 2.4477534157238e+11  2.1365189601657e+11  6.0056662456753e+10  452118738.216
 2.6246163569133e+11  1.9150993895880e+11  6.0054266404773e+10  452119005.316
 2.7815124519094e+11  1.6791104233803e+11  6.0051870337026e+10  452119272.416
 2.9172480896302e+11  1.4303473557307e+11  6.0049474253514e+10  452119539.516
 3.0307906383688e+11  1.1707026611186e+11  6.0047078154237e+10  452119806.616
 3.1212763009553e+11  9.0215159854511e+10  6.0044682039197e+10  452120073.716
 3.1880166866766e+11  6.2673718402109e+10  6.0042285908392e+10  452120340.816
 3.2305040483517e+11  3.4655464801090e+10  6.0039889761824e+10  452120607.916
 3.2484151450356e+11  6.3735496399568e+09  6.0037493599495e+10  452120875.016
 3.2416137013086e+11 -2.1956870546750e+10  6.0035097421403e+10  452121142.116
 3.2101514441139e+11 -5.0120270064301e+10  6.0032701227550e+10  452121409.216
 3.1542677093042e+11 -7.7902393742213e+10  6.0030305017936e+10  452121676.316
 3.0743876210584e+11 -1.0509188682705e+11  6.0027908792562e+10  452121943.416
 2.9711188578412e+11 -1.3148190291310e+11  6.0025512551430e+10  452122210.516
 2.8452470294205e+11 -1.5687167756958e+11  6.0023116294537e+10  452122477.616
 2.6977297006039e+11 -1.8106805562157e+11  6.0020720021887e+10  452122744.716
 2.5296891065325e+11 -2.0388696062482e+11  6.0018323733478e+10  452123011.816
